123
023
223
323
923
423
523
823
723
623
110
010
210
310
910
410
510
810
710
610
180
080
280
380
980
480
580
880
780
680
191
091
291
391
991
491
591
891
791
691
100
000
200
300
900
400
500
800
700
600
150
050
250
350
950
450
550
850
750
650
140
040
240
340
940
440
540
840
740
640
130
030
230
330
930
430
530
830
730
630
160
060
260
360
960
460
560
860
760
660
170
070
270
370
970
470
570
870
770
670
120
020
220
320
920
420
520
820
720
620
112
012
212
312
912
412
512
812
712
612
181
081
281
381
981
481
581
881
781
681
190
090
290
390
990
490
590
890
790
690
101
001
201
301
901
401
501
801
701
601
151
051
251
351
951
451
551
851
751
651
141
041
241
341
941
441
541
841
741
641
131
031
231
331
931
431
531
831
731
631
161
061
261
361
961
461
561
861
761
661
171
071
271
371
971
471
571
871
771
671
121
021
221
321
921
421
521
821
721
621
111
011
211
311
911
411
511
811
711
611
187
087
287
387
987
487
587
887
787
687
199
099
299
399
999
499
599
899
799
699
102
002
202
302
902
402
502
802
702
602
152
052
252
352
952
452
552
852
752
652
142
042
242
342
942
442
542
842
742
642
132
032
232
332
932
432
532
832
732
632
162
062
262
362
962
462
562
862
762
662
172
072
272
372
972
472
572
872
772
672
122
022
222
322
922
422
522
822
722
622
113
013
213
313
913
413
513
813
713
613
189
089
289
389
989
489
589
889
789
689
198
098
298
398
998
498
598
898
798
698
103
003
203
303
903
403
503
803
703
603
154
054
254
354
954
454
554
854
754
654
143
043
243
343
943
443
543
843
743
643
133
033
233
333
933
433
533
833
733
633
166
066
266
366
966
466
566
866
766
666
177
077
277
377
977
477
577
877
777
677
125
025
225
325
925
425
525
825
725
625
114
014
214
314
914
414
514
814
714
614
185
085
285
385
985
485
585
885
785
685
192
092
292
392
992
492
592
892
792
692
105
005
205
305
905
405
505
805
705
605
153
053
253
353
953
453
553
853
753
653
147
047
247
347
947
447
547
847
747
647
135
035
235
335
935
435
535
835
735
635
163
063
263
363
963
463
563
863
763
663
178
078
278
378
978
478
578
878
778
678
124
024
224
324
924
424
524
824
724
624
116
016
216
316
916
416
516
816
716
616
183
083
283
383
983
483
583
883
783
683
197
097
297
397
997
497
597
897
797
697
109
009
209
309
909
409
509
809
709
609
155
055
255
355
955
455
555
855
755
655
145
045
245
345
945
445
545
845
745
645
134
034
234
334
934
434
534
834
734
634
165
065
265
365
965
465
565
865
765
665
174
074
274
374
974
474
574
874
774
674
128
028
228
328
928
428
528
828
728
628
115
015
215
315
915
415
515
815
715
615
184
084
284
384
984
484
584
884
784
684
196
096
296
396
996
496
596
896
796
696
104
004
204
304
904
404
504
804
704
604
156
056
256
356
956
456
556
856
756
656
146
046
246
346
946
446
546
846
746
646
136
036
236
336
936
436
536
836
736
636
169
069
269
369
969
469
569
869
769
669
173
073
273
373
973
473
573
873
773
673
129
029
229
329
929
429
529
829
729
629
119
019
219
319
919
419
519
819
719
619
186
086
286
386
986
486
586
886
786
686
194
094
294
394
994
494
594
894
794
694
108
008
208
308
908
408
508
808
708
608
159
059
259
359
959
459
559
859
759
659
144
044
244
344
944
444
544
844
744
644
138
038
238
338
938
438
538
838
738
638
167
067
267
367
967
467
567
867
767
667
179
079
279
379
979
479
579
879
779
679
127
027
227
327
927
427
527
827
727
627
117
017
217
317
917
417
517
817
717
617
182
082
282
382
982
482
582
882
782
682
195
095
295
395
995
495
595
895
795
695
107
007
207
307
907
407
507
807
707
607
158
058
258
358
958
458
558
858
758
658
148
048
248
348
948
448
548
848
748
648
137
037
237
337
937
437
537
837
737
637
168
068
268
368
968
468
568
868
768
668
175
075
275
375
975
475
575
875
775
675
126
026
226
326
926
426
526
826
726
626
118
018
218
318
918
418
518
818
718
618
188
088
288
388
988
488
588
888
788
688
193
093
293
393
993
493
593
893
793
693
106
006
206
306
906
406
506
806
706
606
157
057
257
357
957
457
557
857
757
657
149
049
249
349
949
449
549
849
749
649
139
039
239
339
939
439
539
839
739
639
164
064
264
364
964
464
564
864
764
664
176
076
276
376
976
476
576
876
776
676
