1234
0234
2234
3234
9234
4234
5234
8234
7234
6234
1101
0101
2101
3101
9101
4101
5101
8101
7101
6101
1801
0801
2801
3801
9801
4801
5801
8801
7801
6801
1912
0912
2912
3912
9912
4912
5912
8912
7912
6912
1001
0001
2001
3001
9001
4001
5001
8001
7001
6001
1501
0501
2501
3501
9501
4501
5501
8501
7501
6501
1401
0401
2401
3401
9401
4401
5401
8401
7401
6401
1301
0301
2301
3301
9301
4301
5301
8301
7301
6301
1601
0601
2601
3601
9601
4601
5601
8601
7601
6601
1701
0701
2701
3701
9701
4701
5701
8701
7701
6701
1201
0201
2201
3201
9201
4201
5201
8201
7201
6201
1123
0123
2123
3123
9123
4123
5123
8123
7123
6123
1812
0812
2812
3812
9812
4812
5812
8812
7812
6812
1901
0901
2901
3901
9901
4901
5901
8901
7901
6901
1012
0012
2012
3012
9012
4012
5012
8012
7012
6012
1512
0512
2512
3512
9512
4512
5512
8512
7512
6512
1412
0412
2412
3412
9412
4412
5412
8412
7412
6412
1312
0312
2312
3312
9312
4312
5312
8312
7312
6312
1612
0612
2612
3612
9612
4612
5612
8612
7612
6612
1712
0712
2712
3712
9712
4712
5712
8712
7712
6712
1212
0212
2212
3212
9212
4212
5212
8212
7212
6212
1112
0112
2112
3112
9112
4112
5112
8112
7112
6112
1877
0877
2877
3877
9877
4877
5877
8877
7877
6877
1991
0991
2991
3991
9991
4991
5991
8991
7991
6991
1023
0023
2023
3023
9023
4023
5023
8023
7023
6023
1523
0523
2523
3523
9523
4523
5523
8523
7523
6523
1423
0423
2423
3423
9423
4423
5423
8423
7423
6423
1323
0323
2323
3323
9323
4323
5323
8323
7323
6323
1623
0623
2623
3623
9623
4623
5623
8623
7623
6623
1723
0723
2723
3723
9723
4723
5723
8723
7723
6723
1223
0223
2223
3223
9223
4223
5223
8223
7223
6223
1134
0134
2134
3134
9134
4134
5134
8134
7134
6134
1891
0891
2891
3891
9891
4891
5891
8891
7891
6891
1988
0988
2988
3988
9988
4988
5988
8988
7988
6988
1034
0034
2034
3034
9034
4034
5034
8034
7034
6034
1543
0543
2543
3543
9543
4543
5543
8543
7543
6543
1434
0434
2434
3434
9434
4434
5434
8434
7434
6434
1334
0334
2334
3334
9334
4334
5334
8334
7334
6334
1666
0666
2666
3666
9666
4666
5666
8666
7666
6666
1777
0777
2777
3777
9777
4777
5777
8777
7777
6777
1255
0255
2255
3255
9255
4255
5255
8255
7255
6255
1143
0143
2143
3143
9143
4143
5143
8143
7143
6143
1855
0855
2855
3855
9855
4855
5855
8855
7855
6855
1923
0923
2923
3923
9923
4923
5923
8923
7923
6923
1055
0055
2055
3055
9055
4055
5055
8055
7055
6055
1534
0534
2534
3534
9534
4534
5534
8534
7534
6534
1477
0477
2477
3477
9477
4477
5477
8477
7477
6477
1355
0355
2355
3355
9355
4355
5355
8355
7355
6355
1634
0634
2634
3634
9634
4634
5634
8634
7634
6634
1788
0788
2788
3788
9788
4788
5788
8788
7788
6788
1243
0243
2243
3243
9243
4243
5243
8243
7243
6243
1166
0166
2166
3166
9166
4166
5166
8166
7166
6166
1834
0834
2834
3834
9834
4834
5834
8834
7834
6834
1977
0977
2977
3977
9977
4977
5977
8977
7977
6977
1091
0091
2091
3091
9091
4091
5091
8091
7091
6091
1555
0555
2555
3555
9555
4555
5555
8555
7555
6555
1455
0455
2455
3455
9455
4455
5455
8455
7455
6455
1343
0343
2343
3343
9343
4343
5343
8343
7343
6343
1655
0655
2655
3655
9655
4655
5655
8655
7655
6655
1743
0743
2743
3743
9743
4743
5743
8743
7743
6743
1288
0288
2288
3288
9288
4288
5288
8288
7288
6288
1155
0155
2155
3155
9155
4155
5155
8155
7155
6155
1843
0843
2843
3843
9843
4843
5843
8843
7843
6843
1966
0966
2966
3966
9966
4966
5966
8966
7966
6966
1043
0043
2043
3043
9043
4043
5043
8043
7043
6043
1566
0566
2566
3566
9566
4566
5566
8566
7566
6566
1466
0466
2466
3466
9466
4466
5466
8466
7466
6466
1366
0366
2366
3366
9366
4366
5366
8366
7366
6366
1691
0691
2691
3691
9691
4691
5691
8691
7691
6691
1734
0734
2734
3734
9734
4734
5734
8734
7734
6734
1291
0291
2291
3291
9291
4291
5291
8291
7291
6291
1191
0191
2191
3191
9191
4191
5191
8191
7191
6191
1866
0866
2866
3866
9866
4866
5866
8866
7866
6866
1943
0943
2943
3943
9943
4943
5943
8943
7943
6943
1088
0088
2088
3088
9088
4088
5088
8088
7088
6088
1591
0591
2591
3591
9591
4591
5591
8591
7591
6591
1443
0443
2443
3443
9443
4443
5443
8443
7443
6443
1388
0388
2388
3388
9388
4388
5388
8388
7388
6388
1677
0677
2677
3677
9677
4677
5677
8677
7677
6677
1791
0791
2791
3791
9791
4791
5791
8791
7791
6791
1277
0277
2277
3277
9277
4277
5277
8277
7277
6277
1177
0177
2177
3177
9177
4177
5177
8177
7177
6177
1823
0823
2823
3823
9823
4823
5823
8823
7823
6823
1955
0955
2955
3955
9955
4955
5955
8955
7955
6955
1077
0077
2077
3077
9077
4077
5077
8077
7077
6077
1588
0588
2588
3588
9588
4588
5588
8588
7588
6588
1488
0488
2488
3488
9488
4488
5488
8488
7488
6488
1377
0377
2377
3377
9377
4377
5377
8377
7377
6377
1688
0688
2688
3688
9688
4688
5688
8688
7688
6688
1755
0755
2755
3755
9755
4755
5755
8755
7755
6755
1266
0266
2266
3266
9266
4266
5266
8266
7266
6266
1188
0188
2188
3188
9188
4188
5188
8188
7188
6188
1888
0888
2888
3888
9888
4888
5888
8888
7888
6888
1934
0934
2934
3934
9934
4934
5934
8934
7934
6934
1066
0066
2066
3066
9066
4066
5066
8066
7066
6066
1577
0577
2577
3577
9577
4577
5577
8577
7577
6577
1491
0491
2491
3491
9491
4491
5491
8491
7491
6491
1391
0391
2391
3391
9391
4391
5391
8391
7391
6391
1643
0643
2643
3643
9643
4643
5643
8643
7643
6643
1766
0766
2766
3766
9766
4766
5766
8766
7766
6766
1231
0231
2231
3231
9231
4231
5231
8231
7231
6231
1102
0102
2102
3102
9102
4102
5102
8102
7102
6102
1802
0802
2802
3802
9802
4802
5802
8802
7802
6802
1911
0911
2911
3911
9911
4911
5911
8911
7911
6911
1002
0002
2002
3002
9002
4002
5002
8002
7002
6002
1502
0502
2502
3502
9502
4502
5502
8502
7502
6502
1402
0402
2402
3402
9402
4402
5402
8402
7402
6402
1302
0302
2302
3302
9302
4302
5302
8302
7302
6302
1602
0602
2602
3602
9602
4602
5602
8602
7602
6602
1702
0702
2702
3702
9702
4702
5702
8702
7702
6702
1202
0202
2202
3202
9202
4202
5202
8202
7202
6202
1121
0121
2121
3121
9121
4121
5121
8121
7121
6121
1811
0811
2811
3811
9811
4811
5811
8811
7811
6811
1902
0902
2902
3902
9902
4902
5902
8902
7902
6902
1011
0011
2011
3011
9011
4011
5011
8011
7011
6011
1511
0511
2511
3511
9511
4511
5511
8511
7511
6511
1411
0411
2411
3411
9411
4411
5411
8411
7411
6411
1311
0311
2311
3311
9311
4311
5311
8311
7311
6311
1611
0611
2611
3611
9611
4611
5611
8611
7611
6611
1711
0711
2711
3711
9711
4711
5711
8711
7711
6711
1211
0211
2211
3211
9211
4211
5211
8211
7211
6211
1111
0111
2111
3111
9111
4111
5111
8111
7111
6111
1876
0876
2876
3876
9876
4876
5876
8876
7876
6876
1999
0999
2999
3999
9999
4999
5999
8999
7999
6999
1021
0021
2021
3021
9021
4021
5021
8021
7021
6021
1521
0521
2521
3521
9521
4521
5521
8521
7521
6521
1421
0421
2421
3421
9421
4421
5421
8421
7421
6421
1321
0321
2321
3321
9321
4321
5321
8321
7321
6321
1621
0621
2621
3621
9621
4621
5621
8621
7621
6621
1721
0721
2721
3721
9721
4721
5721
8721
7721
6721
1221
0221
2221
3221
9221
4221
5221
8221
7221
6221
1131
0131
2131
3131
9131
4131
5131
8131
7131
6131
1899
0899
2899
3899
9899
4899
5899
8899
7899
6899
1987
0987
2987
3987
9987
4987
5987
8987
7987
6987
1031
0031
2031
3031
9031
4031
5031
8031
7031
6031
1541
0541
2541
3541
9541
4541
5541
8541
7541
6541
1431
0431
2431
3431
9431
4431
5431
8431
7431
6431
1331
0331
2331
3331
9331
4331
5331
8331
7331
6331
1661
0661
2661
3661
9661
4661
5661
8661
7661
6661
1776
0776
2776
3776
9776
4776
5776
8776
7776
6776
1252
0252
2252
3252
9252
4252
5252
8252
7252
6252
1141
0141
2141
3141
9141
4141
5141
8141
7141
6141
1852
0852
2852
3852
9852
4852
5852
8852
7852
6852
1921
0921
2921
3921
9921
4921
5921
8921
7921
6921
1052
0052
2052
3052
9052
4052
5052
8052
7052
6052
1531
0531
2531
3531
9531
4531
5531
8531
7531
6531
1476
0476
2476
3476
9476
4476
5476
8476
7476
6476
1352
0352
2352
3352
9352
4352
5352
8352
7352
6352
1631
0631
2631
3631
9631
4631
5631
8631
7631
6631
1787
0787
2787
3787
9787
4787
5787
8787
7787
6787
1241
0241
2241
3241
9241
4241
5241
8241
7241
6241
1161
0161
2161
3161
9161
4161
5161
8161
7161
6161
1831
0831
2831
3831
9831
4831
5831
8831
7831
6831
1976
0976
2976
3976
9976
4976
5976
8976
7976
6976
1099
0099
2099
3099
9099
4099
5099
8099
7099
6099
1552
0552
2552
3552
9552
4552
5552
8552
7552
6552
1452
0452
2452
3452
9452
4452
5452
8452
7452
6452
1341
0341
2341
3341
9341
4341
5341
8341
7341
6341
1652
0652
2652
3652
9652
4652
5652
8652
7652
6652
1741
0741
2741
3741
9741
4741
5741
8741
7741
6741
1287
0287
2287
3287
9287
4287
5287
8287
7287
6287
1152
0152
2152
3152
9152
4152
5152
8152
7152
6152
1841
0841
2841
3841
9841
4841
5841
8841
7841
6841
1961
0961
2961
3961
9961
4961
5961
8961
7961
6961
1041
0041
2041
3041
9041
4041
5041
8041
7041
6041
1561
0561
2561
3561
9561
4561
5561
8561
7561
6561
1461
0461
2461
3461
9461
4461
5461
8461
7461
6461
1361
0361
2361
3361
9361
4361
5361
8361
7361
6361
1699
0699
2699
3699
9699
4699
5699
8699
7699
6699
1731
0731
2731
3731
9731
4731
5731
8731
7731
6731
1299
0299
2299
3299
9299
4299
5299
8299
7299
6299
1199
0199
2199
3199
9199
4199
5199
8199
7199
6199
1861
0861
2861
3861
9861
4861
5861
8861
7861
6861
1941
0941
2941
3941
9941
4941
5941
8941
7941
6941
1087
0087
2087
3087
9087
4087
5087
8087
7087
6087
1599
0599
2599
3599
9599
4599
5599
8599
7599
6599
1441
0441
2441
3441
9441
4441
5441
8441
7441
6441
1387
0387
2387
3387
9387
4387
5387
8387
7387
6387
1676
0676
2676
3676
9676
4676
5676
8676
7676
6676
1799
0799
2799
3799
9799
4799
5799
8799
7799
6799
1276
0276
2276
3276
9276
4276
5276
8276
7276
6276
1176
0176
2176
3176
9176
4176
5176
8176
7176
6176
1821
0821
2821
3821
9821
4821
5821
8821
7821
6821
1952
0952
2952
3952
9952
4952
5952
8952
7952
6952
1076
0076
2076
3076
9076
4076
5076
8076
7076
6076
1587
0587
2587
3587
9587
4587
5587
8587
7587
6587
1487
0487
2487
3487
9487
4487
5487
8487
7487
6487
1376
0376
2376
3376
9376
4376
5376
8376
7376
6376
1687
0687
2687
3687
9687
4687
5687
8687
7687
6687
1752
0752
2752
3752
9752
4752
5752
8752
7752
6752
1261
0261
2261
3261
9261
4261
5261
8261
7261
6261
1187
0187
2187
3187
9187
4187
5187
8187
7187
6187
1887
0887
2887
3887
9887
4887
5887
8887
7887
6887
1931
0931
2931
3931
9931
4931
5931
8931
7931
6931
1061
0061
2061
3061
9061
4061
5061
8061
7061
6061
1576
0576
2576
3576
9576
4576
5576
8576
7576
6576
1499
0499
2499
3499
9499
4499
5499
8499
7499
6499
1399
0399
2399
3399
9399
4399
5399
8399
7399
6399
1641
0641
2641
3641
9641
4641
5641
8641
7641
6641
1761
0761
2761
3761
9761
4761
5761
8761
7761
6761
1230
0230
2230
3230
9230
4230
5230
8230
7230
6230
1105
0105
2105
3105
9105
4105
5105
8105
7105
6105
1805
0805
2805
3805
9805
4805
5805
8805
7805
6805
1910
0910
2910
3910
9910
4910
5910
8910
7910
6910
1005
0005
2005
3005
9005
4005
5005
8005
7005
6005
1505
0505
2505
3505
9505
4505
5505
8505
7505
6505
1405
0405
2405
3405
9405
4405
5405
8405
7405
6405
1305
0305
2305
3305
9305
4305
5305
8305
7305
6305
1605
0605
2605
3605
9605
4605
5605
8605
7605
6605
1705
0705
2705
3705
9705
4705
5705
8705
7705
6705
1205
0205
2205
3205
9205
4205
5205
8205
7205
6205
1120
0120
2120
3120
9120
4120
5120
8120
7120
6120
1810
0810
2810
3810
9810
4810
5810
8810
7810
6810
1905
0905
2905
3905
9905
4905
5905
8905
7905
6905
1010
0010
2010
3010
9010
4010
5010
8010
7010
6010
1510
0510
2510
3510
9510
4510
5510
8510
7510
6510
1410
0410
2410
3410
9410
4410
5410
8410
7410
6410
1310
0310
2310
3310
9310
4310
5310
8310
7310
6310
1610
0610
2610
3610
9610
4610
5610
8610
7610
6610
1710
0710
2710
3710
9710
4710
5710
8710
7710
6710
1210
0210
2210
3210
9210
4210
5210
8210
7210
6210
1110
0110
2110
3110
9110
4110
5110
8110
7110
6110
1878
0878
2878
3878
9878
4878
5878
8878
7878
6878
1994
0994
2994
3994
9994
4994
5994
8994
7994
6994
1020
0020
2020
3020
9020
4020
5020
8020
7020
6020
1520
0520
2520
3520
9520
4520
5520
8520
7520
6520
1420
0420
2420
3420
9420
4420
5420
8420
7420
6420
1320
0320
2320
3320
9320
4320
5320
8320
7320
6320
1620
0620
2620
3620
9620
4620
5620
8620
7620
6620
1720
0720
2720
3720
9720
4720
5720
8720
7720
6720
1220
0220
2220
3220
9220
4220
5220
8220
7220
6220
1130
0130
2130
3130
9130
4130
5130
8130
7130
6130
1894
0894
2894
3894
9894
4894
5894
8894
7894
6894
1989
0989
2989
3989
9989
4989
5989
8989
7989
6989
1030
0030
2030
3030
9030
4030
5030
8030
7030
6030
1545
0545
2545
3545
9545
4545
5545
8545
7545
6545
1430
0430
2430
3430
9430
4430
5430
8430
7430
6430
1330
0330
2330
3330
9330
4330
5330
8330
7330
6330
1669
0669
2669
3669
9669
4669
5669
8669
7669
6669
1778
0778
2778
3778
9778
4778
5778
8778
7778
6778
1251
0251
2251
3251
9251
4251
5251
8251
7251
6251
1145
0145
2145
3145
9145
4145
5145
8145
7145
6145
1851
0851
2851
3851
9851
4851
5851
8851
7851
6851
1920
0920
2920
3920
9920
4920
5920
8920
7920
6920
1051
0051
2051
3051
9051
4051
5051
8051
7051
6051
1530
0530
2530
3530
9530
4530
5530
8530
7530
6530
1478
0478
2478
3478
9478
4478
5478
8478
7478
6478
1351
0351
2351
3351
9351
4351
5351
8351
7351
6351
1630
0630
2630
3630
9630
4630
5630
8630
7630
6630
1789
0789
2789
3789
9789
4789
5789
8789
7789
6789
1245
0245
2245
3245
9245
4245
5245
8245
7245
6245
1169
0169
2169
3169
9169
4169
5169
8169
7169
6169
1830
0830
2830
3830
9830
4830
5830
8830
7830
6830
1978
0978
2978
3978
9978
4978
5978
8978
7978
6978
1094
0094
2094
3094
9094
4094
5094
8094
7094
6094
1551
0551
2551
3551
9551
4551
5551
8551
7551
6551
1451
0451
2451
3451
9451
4451
5451
8451
7451
6451
1345
0345
2345
3345
9345
4345
5345
8345
7345
6345
1651
0651
2651
3651
9651
4651
5651
8651
7651
6651
1745
0745
2745
3745
9745
4745
5745
8745
7745
6745
1289
0289
2289
3289
9289
4289
5289
8289
7289
6289
1151
0151
2151
3151
9151
4151
5151
8151
7151
6151
1845
0845
2845
3845
9845
4845
5845
8845
7845
6845
1969
0969
2969
3969
9969
4969
5969
8969
7969
6969
1045
0045
2045
3045
9045
4045
5045
8045
7045
6045
1569
0569
2569
3569
9569
4569
5569
8569
7569
6569
1469
0469
2469
3469
9469
4469
5469
8469
7469
6469
1369
0369
2369
3369
9369
4369
5369
8369
7369
6369
1694
0694
2694
3694
9694
4694
5694
8694
7694
6694
1730
0730
2730
3730
9730
4730
5730
8730
7730
6730
1294
0294
2294
3294
9294
4294
5294
8294
7294
6294
1194
0194
2194
3194
9194
4194
5194
8194
7194
6194
1869
0869
2869
3869
9869
4869
5869
8869
7869
6869
1945
0945
2945
3945
9945
4945
5945
8945
7945
6945
1089
0089
2089
3089
9089
4089
5089
8089
7089
6089
1594
0594
2594
3594
9594
4594
5594
8594
7594
6594
1445
0445
2445
3445
9445
4445
5445
8445
7445
6445
1389
0389
2389
3389
9389
4389
5389
8389
7389
6389
1678
0678
2678
3678
9678
4678
5678
8678
7678
6678
1794
0794
2794
3794
9794
4794
5794
8794
7794
6794
1278
0278
2278
3278
9278
4278
5278
8278
7278
6278
1178
0178
2178
3178
9178
4178
5178
8178
7178
6178
1820
0820
2820
3820
9820
4820
5820
8820
7820
6820
1951
0951
2951
3951
9951
4951
5951
8951
7951
6951
1078
0078
2078
3078
9078
4078
5078
8078
7078
6078
1589
0589
2589
3589
9589
4589
5589
8589
7589
6589
1489
0489
2489
3489
9489
4489
5489
8489
7489
6489
1378
0378
2378
3378
9378
4378
5378
8378
7378
6378
1689
0689
2689
3689
9689
4689
5689
8689
7689
6689
1751
0751
2751
3751
9751
4751
5751
8751
7751
6751
1269
0269
2269
3269
9269
4269
5269
8269
7269
6269
1189
0189
2189
3189
9189
4189
5189
8189
7189
6189
1889
0889
2889
3889
9889
4889
5889
8889
7889
6889
1930
0930
2930
3930
9930
4930
5930
8930
7930
6930
1069
0069
2069
3069
9069
4069
5069
8069
7069
6069
1578
0578
2578
3578
9578
4578
5578
8578
7578
6578
1494
0494
2494
3494
9494
4494
5494
8494
7494
6494
1394
0394
2394
3394
9394
4394
5394
8394
7394
6394
1645
0645
2645
3645
9645
4645
5645
8645
7645
6645
1769
0769
2769
3769
9769
4769
5769
8769
7769
6769
1232
0232
2232
3232
9232
4232
5232
8232
7232
6232
1108
0108
2108
3108
9108
4108
5108
8108
7108
6108
1808
0808
2808
3808
9808
4808
5808
8808
7808
6808
1919
0919
2919
3919
9919
4919
5919
8919
7919
6919
1008
0008
2008
3008
9008
4008
5008
8008
7008
6008
1508
0508
2508
3508
9508
4508
5508
8508
7508
6508
1408
0408
2408
3408
9408
4408
5408
8408
7408
6408
1308
0308
2308
3308
9308
4308
5308
8308
7308
6308
1608
0608
2608
3608
9608
4608
5608
8608
7608
6608
1708
0708
2708
3708
9708
4708
5708
8708
7708
6708
1208
0208
2208
3208
9208
4208
5208
8208
7208
6208
1122
0122
2122
3122
9122
4122
5122
8122
7122
6122
1819
0819
2819
3819
9819
4819
5819
8819
7819
6819
1908
0908
2908
3908
9908
4908
5908
8908
7908
6908
1019
0019
2019
3019
9019
4019
5019
8019
7019
6019
1519
0519
2519
3519
9519
4519
5519
8519
7519
6519
1419
0419
2419
3419
9419
4419
5419
8419
7419
6419
1319
0319
2319
3319
9319
4319
5319
8319
7319
6319
1619
0619
2619
3619
9619
4619
5619
8619
7619
6619
1719
0719
2719
3719
9719
4719
5719
8719
7719
6719
1219
0219
2219
3219
9219
4219
5219
8219
7219
6219
1119
0119
2119
3119
9119
4119
5119
8119
7119
6119
1872
0872
2872
3872
9872
4872
5872
8872
7872
6872
1992
0992
2992
3992
9992
4992
5992
8992
7992
6992
1022
0022
2022
3022
9022
4022
5022
8022
7022
6022
1522
0522
2522
3522
9522
4522
5522
8522
7522
6522
1422
0422
2422
3422
9422
4422
5422
8422
7422
6422
1322
0322
2322
3322
9322
4322
5322
8322
7322
6322
1622
0622
2622
3622
9622
4622
5622
8622
7622
6622
1722
0722
2722
3722
9722
4722
5722
8722
7722
6722
1222
0222
2222
3222
9222
4222
5222
8222
7222
6222
1132
0132
2132
3132
9132
4132
5132
8132
7132
6132
1892
0892
2892
3892
9892
4892
5892
8892
7892
6892
1981
0981
2981
3981
9981
4981
5981
8981
7981
6981
1032
0032
2032
3032
9032
4032
5032
8032
7032
6032
1544
0544
2544
3544
9544
4544
5544
8544
7544
6544
1432
0432
2432
3432
9432
4432
5432
8432
7432
6432
1332
0332
2332
3332
9332
4332
5332
8332
7332
6332
1668
0668
2668
3668
9668
4668
5668
8668
7668
6668
1772
0772
2772
3772
9772
4772
5772
8772
7772
6772
1256
0256
2256
3256
9256
4256
5256
8256
7256
6256
1144
0144
2144
3144
9144
4144
5144
8144
7144
6144
1856
0856
2856
3856
9856
4856
5856
8856
7856
6856
1922
0922
2922
3922
9922
4922
5922
8922
7922
6922
1056
0056
2056
3056
9056
4056
5056
8056
7056
6056
1532
0532
2532
3532
9532
4532
5532
8532
7532
6532
1472
0472
2472
3472
9472
4472
5472
8472
7472
6472
1356
0356
2356
3356
9356
4356
5356
8356
7356
6356
1632
0632
2632
3632
9632
4632
5632
8632
7632
6632
1781
0781
2781
3781
9781
4781
5781
8781
7781
6781
1244
0244
2244
3244
9244
4244
5244
8244
7244
6244
1168
0168
2168
3168
9168
4168
5168
8168
7168
6168
1832
0832
2832
3832
9832
4832
5832
8832
7832
6832
1972
0972
2972
3972
9972
4972
5972
8972
7972
6972
1092
0092
2092
3092
9092
4092
5092
8092
7092
6092
1556
0556
2556
3556
9556
4556
5556
8556
7556
6556
1456
0456
2456
3456
9456
4456
5456
8456
7456
6456
1344
0344
2344
3344
9344
4344
5344
8344
7344
6344
1656
0656
2656
3656
9656
4656
5656
8656
7656
6656
1744
0744
2744
3744
9744
4744
5744
8744
7744
6744
1281
0281
2281
3281
9281
4281
5281
8281
7281
6281
1156
0156
2156
3156
9156
4156
5156
8156
7156
6156
1844
0844
2844
3844
9844
4844
5844
8844
7844
6844
1968
0968
2968
3968
9968
4968
5968
8968
7968
6968
1044
0044
2044
3044
9044
4044
5044
8044
7044
6044
1568
0568
2568
3568
9568
4568
5568
8568
7568
6568
1468
0468
2468
3468
9468
4468
5468
8468
7468
6468
1368
0368
2368
3368
9368
4368
5368
8368
7368
6368
1692
0692
2692
3692
9692
4692
5692
8692
7692
6692
1732
0732
2732
3732
9732
4732
5732
8732
7732
6732
1292
0292
2292
3292
9292
4292
5292
8292
7292
6292
1192
0192
2192
3192
9192
4192
5192
8192
7192
6192
1868
0868
2868
3868
9868
4868
5868
8868
7868
6868
1944
0944
2944
3944
9944
4944
5944
8944
7944
6944
1081
0081
2081
3081
9081
4081
5081
8081
7081
6081
1592
0592
2592
3592
9592
4592
5592
8592
7592
6592
1444
0444
2444
3444
9444
4444
5444
8444
7444
6444
1381
0381
2381
3381
9381
4381
5381
8381
7381
6381
1672
0672
2672
3672
9672
4672
5672
8672
7672
6672
1792
0792
2792
3792
9792
4792
5792
8792
7792
6792
1272
0272
2272
3272
9272
4272
5272
8272
7272
6272
1172
0172
2172
3172
9172
4172
5172
8172
7172
6172
1822
0822
2822
3822
9822
4822
5822
8822
7822
6822
1956
0956
2956
3956
9956
4956
5956
8956
7956
6956
1072
0072
2072
3072
9072
4072
5072
8072
7072
6072
1581
0581
2581
3581
9581
4581
5581
8581
7581
6581
1481
0481
2481
3481
9481
4481
5481
8481
7481
6481
1372
0372
2372
3372
9372
4372
5372
8372
7372
6372
1681
0681
2681
3681
9681
4681
5681
8681
7681
6681
1756
0756
2756
3756
9756
4756
5756
8756
7756
6756
1268
0268
2268
3268
9268
4268
5268
8268
7268
6268
1181
0181
2181
3181
9181
4181
5181
8181
7181
6181
1881
0881
2881
3881
9881
4881
5881
8881
7881
6881
1932
0932
2932
3932
9932
4932
5932
8932
7932
6932
1068
0068
2068
3068
9068
4068
5068
8068
7068
6068
1572
0572
2572
3572
9572
4572
5572
8572
7572
6572
1492
0492
2492
3492
9492
4492
5492
8492
7492
6492
1392
0392
2392
3392
9392
4392
5392
8392
7392
6392
1644
0644
2644
3644
9644
4644
5644
8644
7644
6644
1768
0768
2768
3768
9768
4768
5768
8768
7768
6768
1233
0233
2233
3233
9233
4233
5233
8233
7233
6233
1106
0106
2106
3106
9106
4106
5106
8106
7106
6106
1806
0806
2806
3806
9806
4806
5806
8806
7806
6806
1914
0914
2914
3914
9914
4914
5914
8914
7914
6914
1006
0006
2006
3006
9006
4006
5006
8006
7006
6006
1506
0506
2506
3506
9506
4506
5506
8506
7506
6506
1406
0406
2406
3406
9406
4406
5406
8406
7406
6406
1306
0306
2306
3306
9306
4306
5306
8306
7306
6306
1606
0606
2606
3606
9606
4606
5606
8606
7606
6606
1706
0706
2706
3706
9706
4706
5706
8706
7706
6706
1206
0206
2206
3206
9206
4206
5206
8206
7206
6206
1125
0125
2125
3125
9125
4125
5125
8125
7125
6125
1814
0814
2814
3814
9814
4814
5814
8814
7814
6814
1906
0906
2906
3906
9906
4906
5906
8906
7906
6906
1014
0014
2014
3014
9014
4014
5014
8014
7014
6014
1514
0514
2514
3514
9514
4514
5514
8514
7514
6514
1414
0414
2414
3414
9414
4414
5414
8414
7414
6414
1314
0314
2314
3314
9314
4314
5314
8314
7314
6314
1614
0614
2614
3614
9614
4614
5614
8614
7614
6614
1714
0714
2714
3714
9714
4714
5714
8714
7714
6714
1214
0214
2214
3214
9214
4214
5214
8214
7214
6214
1114
0114
2114
3114
9114
4114
5114
8114
7114
6114
1871
0871
2871
3871
9871
4871
5871
8871
7871
6871
1990
0990
2990
3990
9990
4990
5990
8990
7990
6990
1025
0025
2025
3025
9025
4025
5025
8025
7025
6025
1525
0525
2525
3525
9525
4525
5525
8525
7525
6525
1425
0425
2425
3425
9425
4425
5425
8425
7425
6425
1325
0325
2325
3325
9325
4325
5325
8325
7325
6325
1625
0625
2625
3625
9625
4625
5625
8625
7625
6625
1725
0725
2725
3725
9725
4725
5725
8725
7725
6725
1225
0225
2225
3225
9225
4225
5225
8225
7225
6225
1133
0133
2133
3133
9133
4133
5133
8133
7133
6133
1890
0890
2890
3890
9890
4890
5890
8890
7890
6890
1982
0982
2982
3982
9982
4982
5982
8982
7982
6982
1033
0033
2033
3033
9033
4033
5033
8033
7033
6033
1542
0542
2542
3542
9542
4542
5542
8542
7542
6542
1433
0433
2433
3433
9433
4433
5433
8433
7433
6433
1333
0333
2333
3333
9333
4333
5333
8333
7333
6333
1662
0662
2662
3662
9662
4662
5662
8662
7662
6662
1771
0771
2771
3771
9771
4771
5771
8771
7771
6771
1250
0250
2250
3250
9250
4250
5250
8250
7250
6250
1142
0142
2142
3142
9142
4142
5142
8142
7142
6142
1850
0850
2850
3850
9850
4850
5850
8850
7850
6850
1925
0925
2925
3925
9925
4925
5925
8925
7925
6925
1050
0050
2050
3050
9050
4050
5050
8050
7050
6050
1533
0533
2533
3533
9533
4533
5533
8533
7533
6533
1471
0471
2471
3471
9471
4471
5471
8471
7471
6471
1350
0350
2350
3350
9350
4350
5350
8350
7350
6350
1633
0633
2633
3633
9633
4633
5633
8633
7633
6633
1782
0782
2782
3782
9782
4782
5782
8782
7782
6782
1242
0242
2242
3242
9242
4242
5242
8242
7242
6242
1162
0162
2162
3162
9162
4162
5162
8162
7162
6162
1833
0833
2833
3833
9833
4833
5833
8833
7833
6833
1971
0971
2971
3971
9971
4971
5971
8971
7971
6971
1090
0090
2090
3090
9090
4090
5090
8090
7090
6090
1550
0550
2550
3550
9550
4550
5550
8550
7550
6550
1450
0450
2450
3450
9450
4450
5450
8450
7450
6450
1342
0342
2342
3342
9342
4342
5342
8342
7342
6342
1650
0650
2650
3650
9650
4650
5650
8650
7650
6650
1742
0742
2742
3742
9742
4742
5742
8742
7742
6742
1282
0282
2282
3282
9282
4282
5282
8282
7282
6282
1150
0150
2150
3150
9150
4150
5150
8150
7150
6150
1842
0842
2842
3842
9842
4842
5842
8842
7842
6842
1962
0962
2962
3962
9962
4962
5962
8962
7962
6962
1042
0042
2042
3042
9042
4042
5042
8042
7042
6042
1562
0562
2562
3562
9562
4562
5562
8562
7562
6562
1462
0462
2462
3462
9462
4462
5462
8462
7462
6462
1362
0362
2362
3362
9362
4362
5362
8362
7362
6362
1690
0690
2690
3690
9690
4690
5690
8690
7690
6690
1733
0733
2733
3733
9733
4733
5733
8733
7733
6733
1290
0290
2290
3290
9290
4290
5290
8290
7290
6290
1190
0190
2190
3190
9190
4190
5190
8190
7190
6190
1862
0862
2862
3862
9862
4862
5862
8862
7862
6862
1942
0942
2942
3942
9942
4942
5942
8942
7942
6942
1082
0082
2082
3082
9082
4082
5082
8082
7082
6082
1590
0590
2590
3590
9590
4590
5590
8590
7590
6590
1442
0442
2442
3442
9442
4442
5442
8442
7442
6442
1382
0382
2382
3382
9382
4382
5382
8382
7382
6382
1671
0671
2671
3671
9671
4671
5671
8671
7671
6671
1790
0790
2790
3790
9790
4790
5790
8790
7790
6790
1271
0271
2271
3271
9271
4271
5271
8271
7271
6271
1171
0171
2171
3171
9171
4171
5171
8171
7171
6171
1825
0825
2825
3825
9825
4825
5825
8825
7825
6825
1950
0950
2950
3950
9950
4950
5950
8950
7950
6950
1071
0071
2071
3071
9071
4071
5071
8071
7071
6071
1582
0582
2582
3582
9582
4582
5582
8582
7582
6582
1482
0482
2482
3482
9482
4482
5482
8482
7482
6482
1371
0371
2371
3371
9371
4371
5371
8371
7371
6371
1682
0682
2682
3682
9682
4682
5682
8682
7682
6682
1750
0750
2750
3750
9750
4750
5750
8750
7750
6750
1262
0262
2262
3262
9262
4262
5262
8262
7262
6262
1182
0182
2182
3182
9182
4182
5182
8182
7182
6182
1882
0882
2882
3882
9882
4882
5882
8882
7882
6882
1933
0933
2933
3933
9933
4933
5933
8933
7933
6933
1062
0062
2062
3062
9062
4062
5062
8062
7062
6062
1571
0571
2571
3571
9571
4571
5571
8571
7571
6571
1490
0490
2490
3490
9490
4490
5490
8490
7490
6490
1390
0390
2390
3390
9390
4390
5390
8390
7390
6390
1642
0642
2642
3642
9642
4642
5642
8642
7642
6642
1762
0762
2762
3762
9762
4762
5762
8762
7762
6762
1236
0236
2236
3236
9236
4236
5236
8236
7236
6236
1103
0103
2103
3103
9103
4103
5103
8103
7103
6103
1803
0803
2803
3803
9803
4803
5803
8803
7803
6803
1913
0913
2913
3913
9913
4913
5913
8913
7913
6913
1003
0003
2003
3003
9003
4003
5003
8003
7003
6003
1503
0503
2503
3503
9503
4503
5503
8503
7503
6503
1403
0403
2403
3403
9403
4403
5403
8403
7403
6403
1303
0303
2303
3303
9303
4303
5303
8303
7303
6303
1603
0603
2603
3603
9603
4603
5603
8603
7603
6603
1703
0703
2703
3703
9703
4703
5703
8703
7703
6703
1203
0203
2203
3203
9203
4203
5203
8203
7203
6203
1124
0124
2124
3124
9124
4124
5124
8124
7124
6124
1813
0813
2813
3813
9813
4813
5813
8813
7813
6813
1903
0903
2903
3903
9903
4903
5903
8903
7903
6903
1013
0013
2013
3013
9013
4013
5013
8013
7013
6013
1513
0513
2513
3513
9513
4513
5513
8513
7513
6513
1413
0413
2413
3413
9413
4413
5413
8413
7413
6413
1313
0313
2313
3313
9313
4313
5313
8313
7313
6313
1613
0613
2613
3613
9613
4613
5613
8613
7613
6613
1713
0713
2713
3713
9713
4713
5713
8713
7713
6713
1213
0213
2213
3213
9213
4213
5213
8213
7213
6213
1113
0113
2113
3113
9113
4113
5113
8113
7113
6113
1875
0875
2875
3875
9875
4875
5875
8875
7875
6875
1997
0997
2997
3997
9997
4997
5997
8997
7997
6997
1024
0024
2024
3024
9024
4024
5024
8024
7024
6024
1524
0524
2524
3524
9524
4524
5524
8524
7524
6524
1424
0424
2424
3424
9424
4424
5424
8424
7424
6424
1324
0324
2324
3324
9324
4324
5324
8324
7324
6324
1624
0624
2624
3624
9624
4624
5624
8624
7624
6624
1724
0724
2724
3724
9724
4724
5724
8724
7724
6724
1224
0224
2224
3224
9224
4224
5224
8224
7224
6224
1136
0136
2136
3136
9136
4136
5136
8136
7136
6136
1897
0897
2897
3897
9897
4897
5897
8897
7897
6897
1980
0980
2980
3980
9980
4980
5980
8980
7980
6980
1036
0036
2036
3036
9036
4036
5036
8036
7036
6036
1546
0546
2546
3546
9546
4546
5546
8546
7546
6546
1436
0436
2436
3436
9436
4436
5436
8436
7436
6436
1336
0336
2336
3336
9336
4336
5336
8336
7336
6336
1665
0665
2665
3665
9665
4665
5665
8665
7665
6665
1775
0775
2775
3775
9775
4775
5775
8775
7775
6775
1254
0254
2254
3254
9254
4254
5254
8254
7254
6254
1146
0146
2146
3146
9146
4146
5146
8146
7146
6146
1854
0854
2854
3854
9854
4854
5854
8854
7854
6854
1924
0924
2924
3924
9924
4924
5924
8924
7924
6924
1054
0054
2054
3054
9054
4054
5054
8054
7054
6054
1536
0536
2536
3536
9536
4536
5536
8536
7536
6536
1475
0475
2475
3475
9475
4475
5475
8475
7475
6475
1354
0354
2354
3354
9354
4354
5354
8354
7354
6354
1636
0636
2636
3636
9636
4636
5636
8636
7636
6636
1780
0780
2780
3780
9780
4780
5780
8780
7780
6780
1246
0246
2246
3246
9246
4246
5246
8246
7246
6246
1165
0165
2165
3165
9165
4165
5165
8165
7165
6165
1836
0836
2836
3836
9836
4836
5836
8836
7836
6836
1975
0975
2975
3975
9975
4975
5975
8975
7975
6975
1097
0097
2097
3097
9097
4097
5097
8097
7097
6097
1554
0554
2554
3554
9554
4554
5554
8554
7554
6554
1454
0454
2454
3454
9454
4454
5454
8454
7454
6454
1346
0346
2346
3346
9346
4346
5346
8346
7346
6346
1654
0654
2654
3654
9654
4654
5654
8654
7654
6654
1746
0746
2746
3746
9746
4746
5746
8746
7746
6746
1280
0280
2280
3280
9280
4280
5280
8280
7280
6280
1154
0154
2154
3154
9154
4154
5154
8154
7154
6154
1846
0846
2846
3846
9846
4846
5846
8846
7846
6846
1965
0965
2965
3965
9965
4965
5965
8965
7965
6965
1046
0046
2046
3046
9046
4046
5046
8046
7046
6046
1565
0565
2565
3565
9565
4565
5565
8565
7565
6565
1465
0465
2465
3465
9465
4465
5465
8465
7465
6465
1365
0365
2365
3365
9365
4365
5365
8365
7365
6365
1697
0697
2697
3697
9697
4697
5697
8697
7697
6697
1736
0736
2736
3736
9736
4736
5736
8736
7736
6736
1297
0297
2297
3297
9297
4297
5297
8297
7297
6297
1197
0197
2197
3197
9197
4197
5197
8197
7197
6197
1865
0865
2865
3865
9865
4865
5865
8865
7865
6865
1946
0946
2946
3946
9946
4946
5946
8946
7946
6946
1080
0080
2080
3080
9080
4080
5080
8080
7080
6080
1597
0597
2597
3597
9597
4597
5597
8597
7597
6597
1446
0446
2446
3446
9446
4446
5446
8446
7446
6446
1380
0380
2380
3380
9380
4380
5380
8380
7380
6380
1675
0675
2675
3675
9675
4675
5675
8675
7675
6675
1797
0797
2797
3797
9797
4797
5797
8797
7797
6797
1275
0275
2275
3275
9275
4275
5275
8275
7275
6275
1175
0175
2175
3175
9175
4175
5175
8175
7175
6175
1824
0824
2824
3824
9824
4824
5824
8824
7824
6824
1954
0954
2954
3954
9954
4954
5954
8954
7954
6954
1075
0075
2075
3075
9075
4075
5075
8075
7075
6075
1580
0580
2580
3580
9580
4580
5580
8580
7580
6580
1480
0480
2480
3480
9480
4480
5480
8480
7480
6480
1375
0375
2375
3375
9375
4375
5375
8375
7375
6375
1680
0680
2680
3680
9680
4680
5680
8680
7680
6680
1754
0754
2754
3754
9754
4754
5754
8754
7754
6754
1265
0265
2265
3265
9265
4265
5265
8265
7265
6265
1180
0180
2180
3180
9180
4180
5180
8180
7180
6180
1880
0880
2880
3880
9880
4880
5880
8880
7880
6880
1936
0936
2936
3936
9936
4936
5936
8936
7936
6936
1065
0065
2065
3065
9065
4065
5065
8065
7065
6065
1575
0575
2575
3575
9575
4575
5575
8575
7575
6575
1497
0497
2497
3497
9497
4497
5497
8497
7497
6497
1397
0397
2397
3397
9397
4397
5397
8397
7397
6397
1646
0646
2646
3646
9646
4646
5646
8646
7646
6646
1765
0765
2765
3765
9765
4765
5765
8765
7765
6765
1235
0235
2235
3235
9235
4235
5235
8235
7235
6235
1104
0104
2104
3104
9104
4104
5104
8104
7104
6104
1804
0804
2804
3804
9804
4804
5804
8804
7804
6804
1918
0918
2918
3918
9918
4918
5918
8918
7918
6918
1004
0004
2004
3004
9004
4004
5004
8004
7004
6004
1504
0504
2504
3504
9504
4504
5504
8504
7504
6504
1404
0404
2404
3404
9404
4404
5404
8404
7404
6404
1304
0304
2304
3304
9304
4304
5304
8304
7304
6304
1604
0604
2604
3604
9604
4604
5604
8604
7604
6604
1704
0704
2704
3704
9704
4704
5704
8704
7704
6704
1204
0204
2204
3204
9204
4204
5204
8204
7204
6204
1128
0128
2128
3128
9128
4128
5128
8128
7128
6128
1818
0818
2818
3818
9818
4818
5818
8818
7818
6818
1904
0904
2904
3904
9904
4904
5904
8904
7904
6904
1018
0018
2018
3018
9018
4018
5018
8018
7018
6018
1518
0518
2518
3518
9518
4518
5518
8518
7518
6518
1418
0418
2418
3418
9418
4418
5418
8418
7418
6418
1318
0318
2318
3318
9318
4318
5318
8318
7318
6318
1618
0618
2618
3618
9618
4618
5618
8618
7618
6618
1718
0718
2718
3718
9718
4718
5718
8718
7718
6718
1218
0218
2218
3218
9218
4218
5218
8218
7218
6218
1118
0118
2118
3118
9118
4118
5118
8118
7118
6118
1874
0874
2874
3874
9874
4874
5874
8874
7874
6874
1995
0995
2995
3995
9995
4995
5995
8995
7995
6995
1028
0028
2028
3028
9028
4028
5028
8028
7028
6028
1528
0528
2528
3528
9528
4528
5528
8528
7528
6528
1428
0428
2428
3428
9428
4428
5428
8428
7428
6428
1328
0328
2328
3328
9328
4328
5328
8328
7328
6328
1628
0628
2628
3628
9628
4628
5628
8628
7628
6628
1728
0728
2728
3728
9728
4728
5728
8728
7728
6728
1228
0228
2228
3228
9228
4228
5228
8228
7228
6228
1135
0135
2135
3135
9135
4135
5135
8135
7135
6135
1895
0895
2895
3895
9895
4895
5895
8895
7895
6895
1985
0985
2985
3985
9985
4985
5985
8985
7985
6985
1035
0035
2035
3035
9035
4035
5035
8035
7035
6035
1540
0540
2540
3540
9540
4540
5540
8540
7540
6540
1435
0435
2435
3435
9435
4435
5435
8435
7435
6435
1335
0335
2335
3335
9335
4335
5335
8335
7335
6335
1667
0667
2667
3667
9667
4667
5667
8667
7667
6667
1774
0774
2774
3774
9774
4774
5774
8774
7774
6774
1253
0253
2253
3253
9253
4253
5253
8253
7253
6253
1140
0140
2140
3140
9140
4140
5140
8140
7140
6140
1853
0853
2853
3853
9853
4853
5853
8853
7853
6853
1928
0928
2928
3928
9928
4928
5928
8928
7928
6928
1053
0053
2053
3053
9053
4053
5053
8053
7053
6053
1535
0535
2535
3535
9535
4535
5535
8535
7535
6535
1474
0474
2474
3474
9474
4474
5474
8474
7474
6474
1353
0353
2353
3353
9353
4353
5353
8353
7353
6353
1635
0635
2635
3635
9635
4635
5635
8635
7635
6635
1785
0785
2785
3785
9785
4785
5785
8785
7785
6785
1240
0240
2240
3240
9240
4240
5240
8240
7240
6240
1167
0167
2167
3167
9167
4167
5167
8167
7167
6167
1835
0835
2835
3835
9835
4835
5835
8835
7835
6835
1974
0974
2974
3974
9974
4974
5974
8974
7974
6974
1095
0095
2095
3095
9095
4095
5095
8095
7095
6095
1553
0553
2553
3553
9553
4553
5553
8553
7553
6553
1453
0453
2453
3453
9453
4453
5453
8453
7453
6453
1340
0340
2340
3340
9340
4340
5340
8340
7340
6340
1653
0653
2653
3653
9653
4653
5653
8653
7653
6653
1740
0740
2740
3740
9740
4740
5740
8740
7740
6740
1285
0285
2285
3285
9285
4285
5285
8285
7285
6285
1153
0153
2153
3153
9153
4153
5153
8153
7153
6153
1840
0840
2840
3840
9840
4840
5840
8840
7840
6840
1967
0967
2967
3967
9967
4967
5967
8967
7967
6967
1040
0040
2040
3040
9040
4040
5040
8040
7040
6040
1567
0567
2567
3567
9567
4567
5567
8567
7567
6567
1467
0467
2467
3467
9467
4467
5467
8467
7467
6467
1367
0367
2367
3367
9367
4367
5367
8367
7367
6367
1695
0695
2695
3695
9695
4695
5695
8695
7695
6695
1735
0735
2735
3735
9735
4735
5735
8735
7735
6735
1295
0295
2295
3295
9295
4295
5295
8295
7295
6295
1195
0195
2195
3195
9195
4195
5195
8195
7195
6195
1867
0867
2867
3867
9867
4867
5867
8867
7867
6867
1940
0940
2940
3940
9940
4940
5940
8940
7940
6940
1085
0085
2085
3085
9085
4085
5085
8085
7085
6085
1595
0595
2595
3595
9595
4595
5595
8595
7595
6595
1440
0440
2440
3440
9440
4440
5440
8440
7440
6440
1385
0385
2385
3385
9385
4385
5385
8385
7385
6385
1674
0674
2674
3674
9674
4674
5674
8674
7674
6674
1795
0795
2795
3795
9795
4795
5795
8795
7795
6795
1274
0274
2274
3274
9274
4274
5274
8274
7274
6274
1174
0174
2174
3174
9174
4174
5174
8174
7174
6174
1828
0828
2828
3828
9828
4828
5828
8828
7828
6828
1953
0953
2953
3953
9953
4953
5953
8953
7953
6953
1074
0074
2074
3074
9074
4074
5074
8074
7074
6074
1585
0585
2585
3585
9585
4585
5585
8585
7585
6585
1485
0485
2485
3485
9485
4485
5485
8485
7485
6485
1374
0374
2374
3374
9374
4374
5374
8374
7374
6374
1685
0685
2685
3685
9685
4685
5685
8685
7685
6685
1753
0753
2753
3753
9753
4753
5753
8753
7753
6753
1267
0267
2267
3267
9267
4267
5267
8267
7267
6267
1185
0185
2185
3185
9185
4185
5185
8185
7185
6185
1885
0885
2885
3885
9885
4885
5885
8885
7885
6885
1935
0935
2935
3935
9935
4935
5935
8935
7935
6935
1067
0067
2067
3067
9067
4067
5067
8067
7067
6067
1574
0574
2574
3574
9574
4574
5574
8574
7574
6574
1495
0495
2495
3495
9495
4495
5495
8495
7495
6495
1395
0395
2395
3395
9395
4395
5395
8395
7395
6395
1640
0640
2640
3640
9640
4640
5640
8640
7640
6640
1767
0767
2767
3767
9767
4767
5767
8767
7767
6767
1237
0237
2237
3237
9237
4237
5237
8237
7237
6237
1109
0109
2109
3109
9109
4109
5109
8109
7109
6109
1809
0809
2809
3809
9809
4809
5809
8809
7809
6809
1915
0915
2915
3915
9915
4915
5915
8915
7915
6915
1009
0009
2009
3009
9009
4009
5009
8009
7009
6009
1509
0509
2509
3509
9509
4509
5509
8509
7509
6509
1409
0409
2409
3409
9409
4409
5409
8409
7409
6409
1309
0309
2309
3309
9309
4309
5309
8309
7309
6309
1609
0609
2609
3609
9609
4609
5609
8609
7609
6609
1709
0709
2709
3709
9709
4709
5709
8709
7709
6709
1209
0209
2209
3209
9209
4209
5209
8209
7209
6209
1126
0126
2126
3126
9126
4126
5126
8126
7126
6126
1815
0815
2815
3815
9815
4815
5815
8815
7815
6815
1909
0909
2909
3909
9909
4909
5909
8909
7909
6909
1015
0015
2015
3015
9015
4015
5015
8015
7015
6015
1515
0515
2515
3515
9515
4515
5515
8515
7515
6515
1415
0415
2415
3415
9415
4415
5415
8415
7415
6415
1315
0315
2315
3315
9315
4315
5315
8315
7315
6315
1615
0615
2615
3615
9615
4615
5615
8615
7615
6615
1715
0715
2715
3715
9715
4715
5715
8715
7715
6715
1215
0215
2215
3215
9215
4215
5215
8215
7215
6215
1115
0115
2115
3115
9115
4115
5115
8115
7115
6115
1879
0879
2879
3879
9879
4879
5879
8879
7879
6879
1996
0996
2996
3996
9996
4996
5996
8996
7996
6996
1026
0026
2026
3026
9026
4026
5026
8026
7026
6026
1526
0526
2526
3526
9526
4526
5526
8526
7526
6526
1426
0426
2426
3426
9426
4426
5426
8426
7426
6426
1326
0326
2326
3326
9326
4326
5326
8326
7326
6326
1626
0626
2626
3626
9626
4626
5626
8626
7626
6626
1726
0726
2726
3726
9726
4726
5726
8726
7726
6726
1226
0226
2226
3226
9226
4226
5226
8226
7226
6226
1137
0137
2137
3137
9137
4137
5137
8137
7137
6137
1896
0896
2896
3896
9896
4896
5896
8896
7896
6896
1986
0986
2986
3986
9986
4986
5986
8986
7986
6986
1037
0037
2037
3037
9037
4037
5037
8037
7037
6037
1547
0547
2547
3547
9547
4547
5547
8547
7547
6547
1437
0437
2437
3437
9437
4437
5437
8437
7437
6437
1337
0337
2337
3337
9337
4337
5337
8337
7337
6337
1660
0660
2660
3660
9660
4660
5660
8660
7660
6660
1779
0779
2779
3779
9779
4779
5779
8779
7779
6779
1257
0257
2257
3257
9257
4257
5257
8257
7257
6257
1147
0147
2147
3147
9147
4147
5147
8147
7147
6147
1857
0857
2857
3857
9857
4857
5857
8857
7857
6857
1926
0926
2926
3926
9926
4926
5926
8926
7926
6926
1057
0057
2057
3057
9057
4057
5057
8057
7057
6057
1537
0537
2537
3537
9537
4537
5537
8537
7537
6537
1479
0479
2479
3479
9479
4479
5479
8479
7479
6479
1357
0357
2357
3357
9357
4357
5357
8357
7357
6357
1637
0637
2637
3637
9637
4637
5637
8637
7637
6637
1786
0786
2786
3786
9786
4786
5786
8786
7786
6786
1247
0247
2247
3247
9247
4247
5247
8247
7247
6247
1160
0160
2160
3160
9160
4160
5160
8160
7160
6160
1837
0837
2837
3837
9837
4837
5837
8837
7837
6837
1979
0979
2979
3979
9979
4979
5979
8979
7979
6979
1096
0096
2096
3096
9096
4096
5096
8096
7096
6096
1557
0557
2557
3557
9557
4557
5557
8557
7557
6557
1457
0457
2457
3457
9457
4457
5457
8457
7457
6457
1347
0347
2347
3347
9347
4347
5347
8347
7347
6347
1657
0657
2657
3657
9657
4657
5657
8657
7657
6657
1747
0747
2747
3747
9747
4747
5747
8747
7747
6747
1286
0286
2286
3286
9286
4286
5286
8286
7286
6286
1157
0157
2157
3157
9157
4157
5157
8157
7157
6157
1847
0847
2847
3847
9847
4847
5847
8847
7847
6847
1960
0960
2960
3960
9960
4960
5960
8960
7960
6960
1047
0047
2047
3047
9047
4047
5047
8047
7047
6047
1560
0560
2560
3560
9560
4560
5560
8560
7560
6560
1460
0460
2460
3460
9460
4460
5460
8460
7460
6460
1360
0360
2360
3360
9360
4360
5360
8360
7360
6360
1696
0696
2696
3696
9696
4696
5696
8696
7696
6696
1737
0737
2737
3737
9737
4737
5737
8737
7737
6737
1296
0296
2296
3296
9296
4296
5296
8296
7296
6296
1196
0196
2196
3196
9196
4196
5196
8196
7196
6196
1860
0860
2860
3860
9860
4860
5860
8860
7860
6860
1947
0947
2947
3947
9947
4947
5947
8947
7947
6947
1086
0086
2086
3086
9086
4086
5086
8086
7086
6086
1596
0596
2596
3596
9596
4596
5596
8596
7596
6596
1447
0447
2447
3447
9447
4447
5447
8447
7447
6447
1386
0386
2386
3386
9386
4386
5386
8386
7386
6386
1679
0679
2679
3679
9679
4679
5679
8679
7679
6679
1796
0796
2796
3796
9796
4796
5796
8796
7796
6796
1279
0279
2279
3279
9279
4279
5279
8279
7279
6279
1179
0179
2179
3179
9179
4179
5179
8179
7179
6179
1826
0826
2826
3826
9826
4826
5826
8826
7826
6826
1957
0957
2957
3957
9957
4957
5957
8957
7957
6957
1079
0079
2079
3079
9079
4079
5079
8079
7079
6079
1586
0586
2586
3586
9586
4586
5586
8586
7586
6586
1486
0486
2486
3486
9486
4486
5486
8486
7486
6486
1379
0379
2379
3379
9379
4379
5379
8379
7379
6379
1686
0686
2686
3686
9686
4686
5686
8686
7686
6686
1757
0757
2757
3757
9757
4757
5757
8757
7757
6757
1260
0260
2260
3260
9260
4260
5260
8260
7260
6260
1186
0186
2186
3186
9186
4186
5186
8186
7186
6186
1886
0886
2886
3886
9886
4886
5886
8886
7886
6886
1937
0937
2937
3937
9937
4937
5937
8937
7937
6937
1060
0060
2060
3060
9060
4060
5060
8060
7060
6060
1579
0579
2579
3579
9579
4579
5579
8579
7579
6579
1496
0496
2496
3496
9496
4496
5496
8496
7496
6496
1396
0396
2396
3396
9396
4396
5396
8396
7396
6396
1647
0647
2647
3647
9647
4647
5647
8647
7647
6647
1760
0760
2760
3760
9760
4760
5760
8760
7760
6760
1238
0238
2238
3238
9238
4238
5238
8238
7238
6238
1107
0107
2107
3107
9107
4107
5107
8107
7107
6107
1807
0807
2807
3807
9807
4807
5807
8807
7807
6807
1916
0916
2916
3916
9916
4916
5916
8916
7916
6916
1007
0007
2007
3007
9007
4007
5007
8007
7007
6007
1507
0507
2507
3507
9507
4507
5507
8507
7507
6507
1407
0407
2407
3407
9407
4407
5407
8407
7407
6407
1307
0307
2307
3307
9307
4307
5307
8307
7307
6307
1607
0607
2607
3607
9607
4607
5607
8607
7607
6607
1707
0707
2707
3707
9707
4707
5707
8707
7707
6707
1207
0207
2207
3207
9207
4207
5207
8207
7207
6207
1127
0127
2127
3127
9127
4127
5127
8127
7127
6127
1816
0816
2816
3816
9816
4816
5816
8816
7816
6816
1907
0907
2907
3907
9907
4907
5907
8907
7907
6907
1016
0016
2016
3016
9016
4016
5016
8016
7016
6016
1516
0516
2516
3516
9516
4516
5516
8516
7516
6516
1416
0416
2416
3416
9416
4416
5416
8416
7416
6416
1316
0316
2316
3316
9316
4316
5316
8316
7316
6316
1616
0616
2616
3616
9616
4616
5616
8616
7616
6616
1716
0716
2716
3716
9716
4716
5716
8716
7716
6716
1216
0216
2216
3216
9216
4216
5216
8216
7216
6216
1116
0116
2116
3116
9116
4116
5116
8116
7116
6116
1870
0870
2870
3870
9870
4870
5870
8870
7870
6870
1998
0998
2998
3998
9998
4998
5998
8998
7998
6998
1027
0027
2027
3027
9027
4027
5027
8027
7027
6027
1527
0527
2527
3527
9527
4527
5527
8527
7527
6527
1427
0427
2427
3427
9427
4427
5427
8427
7427
6427
1327
0327
2327
3327
9327
4327
5327
8327
7327
6327
1627
0627
2627
3627
9627
4627
5627
8627
7627
6627
1727
0727
2727
3727
9727
4727
5727
8727
7727
6727
1227
0227
2227
3227
9227
4227
5227
8227
7227
6227
1138
0138
2138
3138
9138
4138
5138
8138
7138
6138
1898
0898
2898
3898
9898
4898
5898
8898
7898
6898
1984
0984
2984
3984
9984
4984
5984
8984
7984
6984
1038
0038
2038
3038
9038
4038
5038
8038
7038
6038
1548
0548
2548
3548
9548
4548
5548
8548
7548
6548
1438
0438
2438
3438
9438
4438
5438
8438
7438
6438
1338
0338
2338
3338
9338
4338
5338
8338
7338
6338
1663
0663
2663
3663
9663
4663
5663
8663
7663
6663
1770
0770
2770
3770
9770
4770
5770
8770
7770
6770
1258
0258
2258
3258
9258
4258
5258
8258
7258
6258
1148
0148
2148
3148
9148
4148
5148
8148
7148
6148
1858
0858
2858
3858
9858
4858
5858
8858
7858
6858
1927
0927
2927
3927
9927
4927
5927
8927
7927
6927
1058
0058
2058
3058
9058
4058
5058
8058
7058
6058
1538
0538
2538
3538
9538
4538
5538
8538
7538
6538
1470
0470
2470
3470
9470
4470
5470
8470
7470
6470
1358
0358
2358
3358
9358
4358
5358
8358
7358
6358
1638
0638
2638
3638
9638
4638
5638
8638
7638
6638
1784
0784
2784
3784
9784
4784
5784
8784
7784
6784
1248
0248
2248
3248
9248
4248
5248
8248
7248
6248
1163
0163
2163
3163
9163
4163
5163
8163
7163
6163
1838
0838
2838
3838
9838
4838
5838
8838
7838
6838
1970
0970
2970
3970
9970
4970
5970
8970
7970
6970
1098
0098
2098
3098
9098
4098
5098
8098
7098
6098
1558
0558
2558
3558
9558
4558
5558
8558
7558
6558
1458
0458
2458
3458
9458
4458
5458
8458
7458
6458
1348
0348
2348
3348
9348
4348
5348
8348
7348
6348
1658
0658
2658
3658
9658
4658
5658
8658
7658
6658
1748
0748
2748
3748
9748
4748
5748
8748
7748
6748
1284
0284
2284
3284
9284
4284
5284
8284
7284
6284
1158
0158
2158
3158
9158
4158
5158
8158
7158
6158
1848
0848
2848
3848
9848
4848
5848
8848
7848
6848
1963
0963
2963
3963
9963
4963
5963
8963
7963
6963
1048
0048
2048
3048
9048
4048
5048
8048
7048
6048
1563
0563
2563
3563
9563
4563
5563
8563
7563
6563
1463
0463
2463
3463
9463
4463
5463
8463
7463
6463
1363
0363
2363
3363
9363
4363
5363
8363
7363
6363
1698
0698
2698
3698
9698
4698
5698
8698
7698
6698
1738
0738
2738
3738
9738
4738
5738
8738
7738
6738
1298
0298
2298
3298
9298
4298
5298
8298
7298
6298
1198
0198
2198
3198
9198
4198
5198
8198
7198
6198
1863
0863
2863
3863
9863
4863
5863
8863
7863
6863
1948
0948
2948
3948
9948
4948
5948
8948
7948
6948
1084
0084
2084
3084
9084
4084
5084
8084
7084
6084
1598
0598
2598
3598
9598
4598
5598
8598
7598
6598
1448
0448
2448
3448
9448
4448
5448
8448
7448
6448
1384
0384
2384
3384
9384
4384
5384
8384
7384
6384
1670
0670
2670
3670
9670
4670
5670
8670
7670
6670
1798
0798
2798
3798
9798
4798
5798
8798
7798
6798
1270
0270
2270
3270
9270
4270
5270
8270
7270
6270
1170
0170
2170
3170
9170
4170
5170
8170
7170
6170
1827
0827
2827
3827
9827
4827
5827
8827
7827
6827
1958
0958
2958
3958
9958
4958
5958
8958
7958
6958
1070
0070
2070
3070
9070
4070
5070
8070
7070
6070
1584
0584
2584
3584
9584
4584
5584
8584
7584
6584
1484
0484
2484
3484
9484
4484
5484
8484
7484
6484
1370
0370
2370
3370
9370
4370
5370
8370
7370
6370
1684
0684
2684
3684
9684
4684
5684
8684
7684
6684
1758
0758
2758
3758
9758
4758
5758
8758
7758
6758
1263
0263
2263
3263
9263
4263
5263
8263
7263
6263
1184
0184
2184
3184
9184
4184
5184
8184
7184
6184
1884
0884
2884
3884
9884
4884
5884
8884
7884
6884
1938
0938
2938
3938
9938
4938
5938
8938
7938
6938
1063
0063
2063
3063
9063
4063
5063
8063
7063
6063
1570
0570
2570
3570
9570
4570
5570
8570
7570
6570
1498
0498
2498
3498
9498
4498
5498
8498
7498
6498
1398
0398
2398
3398
9398
4398
5398
8398
7398
6398
1648
0648
2648
3648
9648
4648
5648
8648
7648
6648
1763
0763
2763
3763
9763
4763
5763
8763
7763
6763
1239
0239
2239
3239
9239
4239
5239
8239
7239
6239
1100
0100
2100
3100
9100
4100
5100
8100
7100
6100
1800
0800
2800
3800
9800
4800
5800
8800
7800
6800
1917
0917
2917
3917
9917
4917
5917
8917
7917
6917
1000
0000
2000
3000
9000
4000
5000
8000
7000
6000
1500
0500
2500
3500
9500
4500
5500
8500
7500
6500
1400
0400
2400
3400
9400
4400
5400
8400
7400
6400
1300
0300
2300
3300
9300
4300
5300
8300
7300
6300
1600
0600
2600
3600
9600
4600
5600
8600
7600
6600
1700
0700
2700
3700
9700
4700
5700
8700
7700
6700
1200
0200
2200
3200
9200
4200
5200
8200
7200
6200
1129
0129
2129
3129
9129
4129
5129
8129
7129
6129
1817
0817
2817
3817
9817
4817
5817
8817
7817
6817
1900
0900
2900
3900
9900
4900
5900
8900
7900
6900
1017
0017
2017
3017
9017
4017
5017
8017
7017
6017
1517
0517
2517
3517
9517
4517
5517
8517
7517
6517
1417
0417
2417
3417
9417
4417
5417
8417
7417
6417
1317
0317
2317
3317
9317
4317
5317
8317
7317
6317
1617
0617
2617
3617
9617
4617
5617
8617
7617
6617
1717
0717
2717
3717
9717
4717
5717
8717
7717
6717
1217
0217
2217
3217
9217
4217
5217
8217
7217
6217
1117
0117
2117
3117
9117
4117
5117
8117
7117
6117
1873
0873
2873
3873
9873
4873
5873
8873
7873
6873
1993
0993
2993
3993
9993
4993
5993
8993
7993
6993
1029
0029
2029
3029
9029
4029
5029
8029
7029
6029
1529
0529
2529
3529
9529
4529
5529
8529
7529
6529
1429
0429
2429
3429
9429
4429
5429
8429
7429
6429
1329
0329
2329
3329
9329
4329
5329
8329
7329
6329
1629
0629
2629
3629
9629
4629
5629
8629
7629
6629
1729
0729
2729
3729
9729
4729
5729
8729
7729
6729
1229
0229
2229
3229
9229
4229
5229
8229
7229
6229
1139
0139
2139
3139
9139
4139
5139
8139
7139
6139
1893
0893
2893
3893
9893
4893
5893
8893
7893
6893
1983
0983
2983
3983
9983
4983
5983
8983
7983
6983
1039
0039
2039
3039
9039
4039
5039
8039
7039
6039
1549
0549
2549
3549
9549
4549
5549
8549
7549
6549
1439
0439
2439
3439
9439
4439
5439
8439
7439
6439
1339
0339
2339
3339
9339
4339
5339
8339
7339
6339
1664
0664
2664
3664
9664
4664
5664
8664
7664
6664
1773
0773
2773
3773
9773
4773
5773
8773
7773
6773
1259
0259
2259
3259
9259
4259
5259
8259
7259
6259
1149
0149
2149
3149
9149
4149
5149
8149
7149
6149
1859
0859
2859
3859
9859
4859
5859
8859
7859
6859
1929
0929
2929
3929
9929
4929
5929
8929
7929
6929
1059
0059
2059
3059
9059
4059
5059
8059
7059
6059
1539
0539
2539
3539
9539
4539
5539
8539
7539
6539
1473
0473
2473
3473
9473
4473
5473
8473
7473
6473
1359
0359
2359
3359
9359
4359
5359
8359
7359
6359
1639
0639
2639
3639
9639
4639
5639
8639
7639
6639
1783
0783
2783
3783
9783
4783
5783
8783
7783
6783
1249
0249
2249
3249
9249
4249
5249
8249
7249
6249
1164
0164
2164
3164
9164
4164
5164
8164
7164
6164
1839
0839
2839
3839
9839
4839
5839
8839
7839
6839
1973
0973
2973
3973
9973
4973
5973
8973
7973
6973
1093
0093
2093
3093
9093
4093
5093
8093
7093
6093
1559
0559
2559
3559
9559
4559
5559
8559
7559
6559
1459
0459
2459
3459
9459
4459
5459
8459
7459
6459
1349
0349
2349
3349
9349
4349
5349
8349
7349
6349
1659
0659
2659
3659
9659
4659
5659
8659
7659
6659
1749
0749
2749
3749
9749
4749
5749
8749
7749
6749
1283
0283
2283
3283
9283
4283
5283
8283
7283
6283
1159
0159
2159
3159
9159
4159
5159
8159
7159
6159
1849
0849
2849
3849
9849
4849
5849
8849
7849
6849
1964
0964
2964
3964
9964
4964
5964
8964
7964
6964
1049
0049
2049
3049
9049
4049
5049
8049
7049
6049
1564
0564
2564
3564
9564
4564
5564
8564
7564
6564
1464
0464
2464
3464
9464
4464
5464
8464
7464
6464
1364
0364
2364
3364
9364
4364
5364
8364
7364
6364
1693
0693
2693
3693
9693
4693
5693
8693
7693
6693
1739
0739
2739
3739
9739
4739
5739
8739
7739
6739
1293
0293
2293
3293
9293
4293
5293
8293
7293
6293
1193
0193
2193
3193
9193
4193
5193
8193
7193
6193
1864
0864
2864
3864
9864
4864
5864
8864
7864
6864
1949
0949
2949
3949
9949
4949
5949
8949
7949
6949
1083
0083
2083
3083
9083
4083
5083
8083
7083
6083
1593
0593
2593
3593
9593
4593
5593
8593
7593
6593
1449
0449
2449
3449
9449
4449
5449
8449
7449
6449
1383
0383
2383
3383
9383
4383
5383
8383
7383
6383
1673
0673
2673
3673
9673
4673
5673
8673
7673
6673
1793
0793
2793
3793
9793
4793
5793
8793
7793
6793
1273
0273
2273
3273
9273
4273
5273
8273
7273
6273
1173
0173
2173
3173
9173
4173
5173
8173
7173
6173
1829
0829
2829
3829
9829
4829
5829
8829
7829
6829
1959
0959
2959
3959
9959
4959
5959
8959
7959
6959
1073
0073
2073
3073
9073
4073
5073
8073
7073
6073
1583
0583
2583
3583
9583
4583
5583
8583
7583
6583
1483
0483
2483
3483
9483
4483
5483
8483
7483
6483
1373
0373
2373
3373
9373
4373
5373
8373
7373
6373
1683
0683
2683
3683
9683
4683
5683
8683
7683
6683
1759
0759
2759
3759
9759
4759
5759
8759
7759
6759
1264
0264
2264
3264
9264
4264
5264
8264
7264
6264
1183
0183
2183
3183
9183
4183
5183
8183
7183
6183
1883
0883
2883
3883
9883
4883
5883
8883
7883
6883
1939
0939
2939
3939
9939
4939
5939
8939
7939
6939
1064
0064
2064
3064
9064
4064
5064
8064
7064
6064
1573
0573
2573
3573
9573
4573
5573
8573
7573
6573
1493
0493
2493
3493
9493
4493
5493
8493
7493
6493
1393
0393
2393
3393
9393
4393
5393
8393
7393
6393
1649
0649
2649
3649
9649
4649
5649
8649
7649
6649
1764
0764
2764
3764
9764
4764
5764
8764
7764
6764
